ï»¿"Date ","series ","OPEN ","HIGH ","LOW ","PREV. CLOSE ","ltp ","close ","vwap ","52W H ","52W L ","VOLUME ","VALUE ","No of trades "
"12-Aug-2025","EQ","868.00","886.00","854.30","866.05","858.00","861.80","869.04","1,798.90","758.20","3,70,693","32,21,46,046.80","23,298"
"11-Aug-2025","EQ","873.05","889.80","859.55","874.40","868.00","866.05","870.84","1,798.90","758.20","3,37,906","29,42,60,659.25","24,688"
"08-Aug-2025","EQ","901.20","903.35","865.00","903.35","868.95","874.40","885.07","1,798.90","758.20","4,68,509","41,46,65,012.05","25,025"
"07-Aug-2025","EQ","918.00","922.80","897.00","932.15","903.00","903.35","905.46","1,798.90","758.20","10,26,751","92,96,81,290.55","44,641"
"06-Aug-2025","EQ","942.05","977.00","907.70","941.70","917.00","932.15","953.65","1,798.90","758.20","91,11,891","8,68,95,53,679.30","2,13,101"
"05-Aug-2025","EQ","840.00","970.00","831.65","834.10","934.90","941.70","925.72","1,798.90","758.20","1,90,81,968","17,66,45,94,154.00","3,96,010"
"04-Aug-2025","EQ","821.45","839.85","815.20","818.15","836.15","834.10","828.98","1,798.90","758.20","2,29,544","19,02,86,438.35","16,903"
"01-Aug-2025","EQ","848.90","855.05","815.00","848.90","820.00","818.15","830.02","1,798.90","758.20","3,02,482","25,10,67,307.60","22,987"
"31-Jul-2025","EQ","845.00","858.90","832.00","852.60","851.60","848.90","848.95","1,798.90","758.20","2,39,034","20,29,27,284.00","17,943"
"30-Jul-2025","EQ","865.30","876.00","850.00","858.10","851.90","852.60","859.26","1,798.90","758.20","2,69,503","23,15,73,443.10","24,058"
"29-Jul-2025","EQ","855.00","863.80","841.50","853.00","859.40","858.10","852.95","1,798.90","758.20","2,86,878","24,46,93,452.40","24,332"
"28-Jul-2025","EQ","829.90","878.40","829.90","851.10","857.00","853.00","862.79","1,798.90","758.20","6,22,589","53,71,63,444.00","40,399"
"25-Jul-2025","EQ","872.00","872.40","848.00","871.50","854.80","851.10","854.48","1,798.90","758.20","6,24,206","53,33,68,956.10","38,232"
"24-Jul-2025","EQ","878.00","884.80","865.80","883.20","870.00","871.50","872.94","1,798.90","758.20","4,13,217","36,07,15,516.50","22,848"
"23-Jul-2025","EQ","916.60","917.10","868.80","912.70","884.90","883.20","886.45","1,798.90","758.20","12,78,824","1,13,36,12,684.90","69,585"
"22-Jul-2025","EQ","917.00","927.20","907.00","917.30","915.00","912.70","913.93","1,798.90","758.20","6,35,174","58,05,04,833.10","31,487"
"21-Jul-2025","EQ","958.00","958.00","914.00","962.60","917.00","917.30","923.62","1,798.90","758.20","10,04,531","92,78,05,130.00","47,134"
"18-Jul-2025","EQ","1,020.00","1,020.10","960.00","1,025.60","961.00","962.60","973.21","1,798.90","758.20","18,68,145","1,81,81,02,553.90","80,667"
"17-Jul-2025","EQ","1,094.90","1,103.50","1,018.00","1,091.40","1,025.50","1,025.60","1,037.33","1,798.90","758.20","14,67,649","1,52,24,31,455.10","77,638"
"16-Jul-2025","EQ","1,083.60","1,109.90","1,076.30","1,079.60","1,090.90","1,091.40","1,092.97","1,798.90","758.20","3,21,852","35,17,75,656.80","19,064"
"15-Jul-2025","EQ","1,080.60","1,099.20","1,074.00","1,076.50","1,082.00","1,079.60","1,082.07","1,798.90","758.20","2,04,307","22,10,74,667.00","14,671"
"14-Jul-2025","EQ","1,090.00","1,095.80","1,073.40","1,090.00","1,077.50","1,076.50","1,080.27","1,798.90","758.20","1,54,871","16,73,02,495.00","14,928"
"11-Jul-2025","EQ","1,106.40","1,118.30","1,085.30","1,105.20","1,091.00","1,090.00","1,098.16","1,798.90","758.20","1,99,479","21,90,60,298.50","15,468"
"10-Jul-2025","EQ","1,115.90","1,125.90","1,101.70","1,125.90","1,105.00","1,105.20","1,110.13","1,798.90","758.20","2,51,708","27,94,29,842.60","23,493"
"09-Jul-2025","EQ","1,136.50","1,136.50","1,120.30","1,129.80","1,129.90","1,125.90","1,128.43","1,798.90","758.20","1,56,555","17,66,60,922.50","24,543"
"08-Jul-2025","EQ","1,122.70","1,147.20","1,118.00","1,118.70","1,129.00","1,129.80","1,130.22","1,798.90","758.20","3,49,039","39,44,90,519.80","28,335"
"07-Jul-2025","EQ","1,132.00","1,134.30","1,115.10","1,134.30","1,116.60","1,118.70","1,120.23","1,798.90","758.20","1,60,569","17,98,73,929.50","11,956"
"04-Jul-2025","EQ","1,139.80","1,139.90","1,123.40","1,134.30","1,132.10","1,134.30","1,130.76","1,798.90","758.20","1,75,220","19,81,31,195.00","17,939"
"03-Jul-2025","EQ","1,146.00","1,146.20","1,129.30","1,140.90","1,134.00","1,134.30","1,134.84","1,798.90","758.20","1,73,020","19,63,50,521.20","14,111"
"02-Jul-2025","EQ","1,147.10","1,163.50","1,134.50","1,145.40","1,140.00","1,140.90","1,144.75","1,798.90","758.20","2,06,675","23,65,90,763.20","24,540"
"01-Jul-2025","EQ","1,172.10","1,175.90","1,140.00","1,171.80","1,147.10","1,145.40","1,153.01","1,798.90","758.20","3,09,864","35,72,75,286.40","29,276"
"30-Jun-2025","EQ","1,163.00","1,175.00","1,155.40","1,153.90","1,175.00","1,171.80","1,168.12","1,798.90","758.20","2,27,559","26,58,17,041.70","17,613"
"27-Jun-2025","EQ","1,179.00","1,186.80","1,143.10","1,179.00","1,160.00","1,153.90","1,158.10","1,798.90","758.20","7,16,857","83,01,88,649.00","39,417"
"26-Jun-2025","EQ","1,165.00","1,237.40","1,160.80","1,151.60","1,174.90","1,179.00","1,211.45","1,798.90","758.20","36,42,767","4,41,30,14,606.30","1,32,781"
"25-Jun-2025","EQ","1,124.10","1,155.00","1,120.80","1,118.60","1,154.90","1,151.60","1,141.45","1,798.90","758.20","4,32,704","49,39,11,953.80","21,810"
"24-Jun-2025","EQ","1,166.50","1,166.50","1,115.00","1,154.70","1,122.90","1,118.60","1,128.58","1,798.90","758.20","4,21,295","47,54,65,667.40","40,629"
"23-Jun-2025","EQ","1,147.00","1,163.10","1,140.50","1,153.40","1,155.00","1,154.70","1,153.44","1,798.90","758.20","2,17,641","25,10,35,566.80","18,226"
"20-Jun-2025","EQ","1,189.50","1,209.90","1,141.50","1,191.80","1,154.70","1,153.40","1,164.03","1,798.90","758.20","7,50,765","87,39,13,599.30","48,809"
"19-Jun-2025","EQ","1,202.00","1,207.00","1,176.00","1,207.20","1,189.50","1,191.80","1,191.24","1,798.90","758.20","2,38,703","28,43,53,144.10","19,883"
"18-Jun-2025","EQ","1,220.00","1,222.10","1,195.00","1,222.90","1,202.90","1,207.20","1,210.68","1,798.90","758.20","1,80,756","21,88,37,014.30","16,335"
"17-Jun-2025","EQ","1,229.90","1,245.00","1,215.10","1,233.60","1,220.00","1,222.90","1,229.44","1,798.90","758.20","4,75,137","58,41,50,669.40","30,125"
"16-Jun-2025","EQ","1,166.00","1,267.80","1,135.80","1,167.30","1,219.10","1,233.60","1,238.16","1,798.90","758.20","43,23,322","5,35,29,64,523.00","1,56,695"
"13-Jun-2025","EQ","1,150.00","1,190.30","1,143.00","1,175.90","1,170.00","1,167.30","1,167.96","1,798.90","758.20","2,17,505","25,40,36,617.70","19,484"
"12-Jun-2025","EQ","1,214.40","1,219.90","1,173.00","1,214.40","1,179.60","1,175.90","1,191.94","1,798.90","758.20","2,18,676","26,06,49,733.90","16,611"
"11-Jun-2025","EQ","1,227.00","1,232.50","1,208.00","1,225.60","1,211.00","1,214.40","1,219.31","1,798.90","758.20","2,25,917","27,54,61,779.70","15,484"
"10-Jun-2025","EQ","1,238.90","1,240.70","1,220.00","1,229.80","1,224.70","1,225.60","1,226.34","1,798.90","758.20","2,07,107","25,39,83,841.10","11,486"
"09-Jun-2025","EQ","1,239.90","1,240.20","1,222.20","1,234.20","1,232.90","1,229.80","1,229.86","1,798.90","758.20","2,13,017","26,19,80,186.40","13,366"
"06-Jun-2025","EQ","1,236.00","1,245.00","1,217.30","1,224.40","1,234.90","1,234.20","1,229.98","1,798.90","758.20","3,79,333","46,65,71,702.70","21,564"
"05-Jun-2025","EQ","1,247.60","1,336.00","1,215.20","1,224.50","1,224.00","1,224.40","1,280.31","1,798.90","758.20","41,24,131","5,28,01,60,643.80","1,77,359"
"04-Jun-2025","EQ","1,228.00","1,235.00","1,220.00","1,221.20","1,224.90","1,224.50","1,226.74","1,798.90","758.20","1,27,293","15,61,55,069.60","9,158"
"03-Jun-2025","EQ","1,240.00","1,249.90","1,207.30","1,230.90","1,226.00","1,221.20","1,223.94","1,798.90","758.20","2,27,817","27,88,35,344.60","17,339"
"02-Jun-2025","EQ","1,237.10","1,242.30","1,215.30","1,237.10","1,233.80","1,230.90","1,226.83","1,798.90","758.20","1,51,456","18,58,10,035.40","12,006"
"30-May-2025","EQ","1,215.55","1,271.00","1,213.25","1,209.60","1,234.50","1,237.10","1,249.67","1,798.90","758.20","8,15,450","1,01,90,42,494.85","46,137"
"29-May-2025","EQ","1,246.00","1,251.95","1,206.10","1,246.00","1,216.80","1,209.60","1,218.42","1,798.90","758.20","3,50,982","42,76,44,184.30","29,401"
"28-May-2025","EQ","1,253.05","1,265.00","1,236.05","1,253.05","1,241.00","1,246.00","1,249.90","1,798.90","758.20","2,02,990","25,37,16,714.40","12,557"
"27-May-2025","EQ","1,255.55","1,285.00","1,246.25","1,255.55","1,250.00","1,253.05","1,260.03","1,798.90","758.20","3,88,373","48,93,62,715.65","22,989"
"26-May-2025","EQ","1,256.05","1,281.40","1,235.65","1,260.95","1,251.95","1,255.55","1,261.00","1,798.90","758.20","3,02,702","38,17,05,969.45","20,109"
"23-May-2025","EQ","1,250.20","1,275.00","1,231.45","1,248.20","1,250.25","1,260.95","1,261.03","1,798.90","758.20","4,92,005","62,04,34,903.30","26,049"
"22-May-2025","EQ","1,264.05","1,277.20","1,232.55","1,266.05","1,250.00","1,248.20","1,253.18","1,798.90","758.20","3,79,686","47,58,15,348.70","21,385"
"21-May-2025","EQ","1,341.95","1,341.95","1,252.20","1,334.55","1,269.00","1,266.05","1,275.27","1,798.90","758.20","19,26,405","2,45,66,85,245.35","72,462"
"20-May-2025","EQ","1,164.00","1,377.15","1,136.00","1,147.65","1,360.00","1,334.55","1,283.03","1,798.90","758.20","1,11,91,000","14,35,84,06,679.15","3,21,413"
"19-May-2025","EQ","1,173.00","1,180.00","1,140.00","1,158.95","1,145.00","1,147.65","1,159.03","1,798.90","758.20","6,60,562","76,56,08,088.60","18,198"
"16-May-2025","EQ","1,158.25","1,177.60","1,148.30","1,152.50","1,158.00","1,158.95","1,162.64","1,798.90","758.20","3,08,746","35,89,59,591.40","20,467"
"15-May-2025","EQ","1,139.90","1,159.90","1,136.10","1,130.45","1,155.05","1,152.50","1,146.48","1,798.90","758.20","3,04,276","34,88,45,324.70","17,929"
"14-May-2025","EQ","1,158.00","1,163.55","1,125.00","1,153.70","1,134.15","1,130.45","1,140.90","1,798.90","758.20","3,55,616","40,57,20,608.00","24,485"
"13-May-2025","EQ","1,121.50","1,159.60","1,121.00","1,117.90","1,152.15","1,153.70","1,142.54","1,798.90","758.20","5,51,678","63,03,14,415.85","28,307"
"12-May-2025","EQ","1,114.00","1,132.00","1,101.00","1,074.75","1,118.00","1,117.90","1,117.89","1,798.90","758.20","5,90,122","65,96,90,918.10","27,466"
"09-May-2025","EQ","1,033.00","1,087.00","1,012.35","1,069.10","1,072.00","1,074.75","1,055.27","1,798.90","758.20","9,74,402","1,02,82,58,571.70","56,058"
"08-May-2025","EQ","1,083.90","1,108.00","1,054.00","1,082.15","1,063.00","1,069.10","1,086.33","1,798.90","758.20","5,75,643","62,53,39,765.70","34,101"
"07-May-2025","EQ","1,040.00","1,089.90","1,031.85","1,078.20","1,081.00","1,082.15","1,072.65","1,798.90","758.20","8,24,771","88,46,92,603.30","40,511"
"06-May-2025","EQ","1,044.80","1,105.00","1,008.30","1,041.70","1,060.50","1,078.20","1,082.48","1,798.90","758.20","50,80,811","5,49,98,97,968.20","1,66,721"
"05-May-2025","EQ","1,017.00","1,053.25","1,003.00","1,005.75","1,042.00","1,041.70","1,028.03","1,798.90","758.20","9,99,838","1,02,78,63,073.55","50,133"
"02-May-2025","EQ","988.55","1,119.00","967.25","986.55","1,005.00","1,005.75","1,065.61","1,798.90","758.20","99,21,112","10,57,20,42,521.35","3,52,241"
"30-Apr-2025","EQ","1,035.75","1,047.00","976.10","1,035.75","985.00","986.55","1,014.26","1,798.90","758.20","4,97,514","50,46,07,538.45","33,674"
"29-Apr-2025","EQ","1,031.10","1,049.80","1,022.05","1,025.90","1,039.00","1,035.75","1,034.48","1,798.90","758.20","3,77,527","39,05,43,056.45","23,305"
"28-Apr-2025","EQ","1,050.00","1,056.50","987.30","1,055.65","1,025.40","1,025.90","1,035.72","1,798.90","758.20","4,82,727","49,99,68,003.45","35,245"
"25-Apr-2025","EQ","1,100.00","1,100.00","1,031.00","1,101.40","1,055.00","1,055.65","1,054.72","1,798.90","734.55","19,79,295","2,08,75,96,912.75","1,01,073"
"24-Apr-2025","EQ","995.00","1,183.40","989.40","993.15","1,088.00","1,101.40","1,116.08","1,798.90","734.55","1,30,76,873","14,59,48,10,580.45","3,51,638"
"23-Apr-2025","EQ","954.10","1,003.00","952.00","941.00","995.25","993.15","984.99","1,798.90","734.55","13,99,751","1,37,87,42,971.80","75,352"
"22-Apr-2025","EQ","948.50","961.00","936.00","949.85","941.00","941.00","947.90","1,798.90","734.55","1,98,807","18,84,48,627.90","16,462"
"21-Apr-2025","EQ","926.20","955.40","926.20","926.10","946.15","949.85","942.21","1,798.90","734.55","2,76,022","26,00,70,665.10","22,833"
"17-Apr-2025","EQ","936.00","936.00","922.70","942.55","924.00","926.10","927.71","1,798.90","724.10","1,66,029","15,40,26,575.30","15,037"
"16-Apr-2025","EQ","954.00","963.95","930.95","941.85","941.95","942.55","942.13","1,798.90","724.10","2,66,529","25,11,06,299.40","24,321"
"15-Apr-2025","EQ","924.90","949.00","913.15","905.30","944.00","941.85","929.53","1,798.90","724.10","2,26,318","21,03,69,809.90","23,797"
"11-Apr-2025","EQ","936.80","936.80","896.00","876.25","905.00","905.30","905.58","1,798.90","724.10","3,26,482","29,56,55,877.65","25,392"
"09-Apr-2025","EQ","899.00","902.65","866.20","907.35","873.05","876.25","879.90","1,798.90","724.10","3,73,164","32,83,47,676.75","36,544"
"08-Apr-2025","EQ","883.90","923.75","850.20","842.40","893.00","907.35","886.87","1,798.90","724.10","7,49,078","66,43,36,720.20","61,037"
"07-Apr-2025","EQ","758.30","855.00","758.20","921.80","855.00","842.40","830.18","1,798.90","724.10","6,20,614","51,52,18,271.70","66,064"
"04-Apr-2025","EQ","981.00","987.95","906.70","992.25","934.00","921.80","936.50","1,798.90","724.10","3,18,100","29,79,01,718.40","33,447"
"03-Apr-2025","EQ","982.00","1,009.00","980.00","1,003.75","990.00","992.25","994.96","1,798.90","724.10","2,65,940","26,45,99,600.45","19,039"
"02-Apr-2025","EQ","989.40","1,009.40","978.10","992.00","1,001.00","1,003.75","990.46","1,798.90","724.10","1,88,041","18,62,46,572.80","22,509"
"01-Apr-2025","EQ","1,010.00","1,011.00","972.00","996.30","989.40","992.00","988.80","1,798.90","724.10","4,38,975","43,40,57,846.45","37,783"
"28-Mar-2025","EQ","1,022.80","1,032.45","985.00","1,009.90","988.00","996.30","1,006.02","1,798.90","724.10","2,75,100","27,67,56,862.85","27,121"
"27-Mar-2025","EQ","975.05","1,038.90","975.00","968.90","1,016.00","1,009.90","1,016.28","1,798.90","724.10","23,15,862","2,35,35,55,657.20","1,32,011"
"26-Mar-2025","EQ","993.50","1,007.10","965.00","993.35","967.90","968.90","987.73","1,798.90","724.10","2,43,210","24,02,26,869.00","39,459"
"25-Mar-2025","EQ","1,037.80","1,040.00","985.00","1,022.35","989.00","993.35","1,007.77","1,798.90","724.10","2,42,927","24,48,14,090.45","27,548"
"24-Mar-2025","EQ","1,043.30","1,084.00","1,015.30","1,034.15","1,022.75","1,022.35","1,035.20","1,798.90","724.10","3,19,435","33,06,78,487.80","30,826"
"21-Mar-2025","EQ","957.05","1,094.85","951.25","962.10","1,030.00","1,034.15","1,047.03","1,798.90","704.70","19,44,383","2,03,58,35,095.70","1,15,773"
"20-Mar-2025","EQ","920.05","968.95","918.45","918.45","959.85","962.10","940.55","1,798.90","704.70","6,21,925","58,49,51,964.05","50,616"
"19-Mar-2025","EQ","937.80","939.00","915.10","935.45","918.00","918.45","923.43","1,798.90","704.70","3,13,703","28,96,82,733.00","26,727"
"18-Mar-2025","EQ","937.25","948.00","932.00","936.90","938.60","935.45","940.09","1,798.90","704.70","2,02,633","19,04,93,373.40","23,158"
"17-Mar-2025","EQ","945.00","948.60","917.00","949.30","943.00","936.90","938.42","1,798.90","704.70","2,52,090","23,65,65,965.75","22,817"
"13-Mar-2025","EQ","946.55","955.00","933.00","946.50","949.90","949.30","941.78","1,798.90","676.05","1,98,040","18,65,10,748.70","20,389"
"12-Mar-2025","EQ","944.50","959.00","927.45","944.50","942.80","946.50","939.93","1,798.90","676.05","2,45,082","23,03,60,945.25","36,378"
"11-Mar-2025","EQ","932.00","951.00","927.55","940.20","947.00","944.50","942.52","1,798.90","676.05","2,68,697","25,32,52,041.30","28,565"
"10-Mar-2025","EQ","992.10","1,004.00","934.10","992.10","947.95","940.20","958.50","1,798.90","676.05","2,38,509","22,86,12,024.60","23,907"
"07-Mar-2025","EQ","1,000.00","1,023.20","987.40","997.75","994.00","992.10","999.90","1,798.90","676.05","1,84,696","18,46,78,117.05","23,479"
"06-Mar-2025","EQ","996.05","1,022.20","993.00","992.10","1,000.00","997.75","1,008.45","1,798.90","676.05","1,66,513","16,79,19,231.85","22,791"
"05-Mar-2025","EQ","954.95","995.00","948.65","948.65","991.25","992.10","977.41","1,798.90","676.05","1,98,727","19,42,37,292.45","25,224"
"04-Mar-2025","EQ","938.00","953.90","930.00","945.15","941.60","948.65","943.59","1,798.90","676.05","2,56,276","24,18,20,158.20","28,661"
"03-Mar-2025","EQ","932.00","969.00","925.00","936.25","945.90","945.15","945.68","1,798.90","676.05","4,05,665","38,36,30,888.45","51,916"
"28-Feb-2025","EQ","982.95","983.00","910.70","989.95","940.25","936.25","935.55","1,798.90","676.05","4,89,119","45,75,95,736.00","42,042"
"27-Feb-2025","EQ","971.65","993.15","955.75","959.95","984.00","989.95","981.08","1,798.90","676.05","3,26,022","31,98,52,434.70","28,234"
"25-Feb-2025","EQ","956.15","970.00","948.70","959.40","962.10","959.95","958.63","1,798.90","676.05","1,71,492","16,43,97,923.50","20,878"
"24-Feb-2025","EQ","961.10","978.45","931.10","975.70","960.00","959.40","955.30","1,798.90","676.05","1,92,209","18,36,17,898.90","23,167"
"21-Feb-2025","EQ","988.00","1,007.90","963.80","991.55","970.15","975.70","980.54","1,798.90","676.05","2,43,962","23,92,14,641.30","25,465"
"20-Feb-2025","EQ","1,019.05","1,026.50","986.00","1,027.70","993.00","991.55","998.08","1,798.90","676.05","2,33,903","23,34,53,425.10","23,281"
"19-Feb-2025","EQ","970.00","1,035.50","959.00","978.60","1,019.00","1,027.70","1,018.20","1,798.90","676.05","3,46,998","35,33,14,061.00","34,249"
"18-Feb-2025","EQ","977.60","995.95","943.30","967.75","966.10","978.60","969.20","1,798.90","676.05","3,39,471","32,90,16,033.40","44,018"
"17-Feb-2025","EQ","959.55","971.05","935.05","959.55","969.00","967.75","956.84","1,798.90","676.05","2,59,507","24,83,07,891.40","34,041"
"14-Feb-2025","EQ","990.25","993.45","946.60","980.10","957.95","959.55","961.91","1,798.90","676.05","2,77,362","26,67,97,232.05","26,145"
"13-Feb-2025","EQ","980.10","991.40","951.00","986.35","980.00","980.10","972.82","1,798.90","676.05","4,19,643","40,82,36,947.95","41,026"
"12-Feb-2025","EQ","960.05","1,009.60","940.40","979.85","986.10","986.35","975.88","1,798.90","676.05","5,69,724","55,59,83,168.25","51,506"
"11-Feb-2025","EQ","1,010.10","1,015.20","970.00","1,020.30","979.00","979.85","985.49","1,798.90","676.05","3,35,491","33,06,22,650.75","30,983"
"10-Feb-2025","EQ","1,036.55","1,050.30","1,002.50","1,057.70","1,019.00","1,020.30","1,013.31","1,798.90","676.05","3,39,043","34,35,54,881.00","36,307"
"07-Feb-2025","EQ","1,081.10","1,081.10","1,043.80","1,072.25","1,059.05","1,057.70","1,060.62","1,798.90","676.05","2,46,598","26,15,47,580.00","22,118"
"06-Feb-2025","EQ","1,135.45","1,144.00","1,066.00","1,121.40","1,073.10","1,072.25","1,088.25","1,798.90","676.05","4,66,207","50,73,51,838.85","62,968"
"05-Feb-2025","EQ","1,100.00","1,176.00","1,098.00","1,085.00","1,128.00","1,121.40","1,137.86","1,798.90","676.05","8,40,446","95,63,12,058.15","44,646"
"04-Feb-2025","EQ","1,084.90","1,103.45","1,066.00","1,077.55","1,087.70","1,085.00","1,082.66","1,798.90","676.05","3,06,079","33,13,79,918.85","23,828"
"03-Feb-2025","EQ","1,070.00","1,105.95","1,055.55","1,095.35","1,079.00","1,077.55","1,078.57","1,798.90","676.05","3,89,845","42,04,75,053.70","28,545"
"01-Feb-2025","EQ","1,060.00","1,111.00","1,050.00","1,048.15","1,093.00","1,095.35","1,085.94","1,798.90","676.05","2,96,960","32,24,80,304.60","19,148"
"31-Jan-2025","EQ","1,060.00","1,069.00","1,037.90","1,050.20","1,053.80","1,048.15","1,053.35","1,798.90","676.05","3,06,429","32,27,76,783.55","19,506"
"30-Jan-2025","EQ","1,099.70","1,129.20","1,029.05","1,081.75","1,053.90","1,050.20","1,081.77","1,798.90","676.05","5,97,617","64,64,86,929.20","29,932"
"29-Jan-2025","EQ","996.95","1,085.60","996.00","986.95","1,085.60","1,081.75","1,056.62","1,798.90","676.05","7,51,155","79,36,82,250.35","36,845"
"28-Jan-2025","EQ","1,030.00","1,050.00","951.45","1,057.15","992.10","986.95","985.06","1,798.90","676.05","13,47,805","1,32,76,72,266.75","51,576"
"27-Jan-2025","EQ","1,082.45","1,114.95","1,057.15","1,174.60","1,057.15","1,057.15","1,065.58","1,798.90","676.05","6,36,861","67,86,27,388.10","19,397"
"24-Jan-2025","EQ","1,235.00","1,255.90","1,162.50","1,223.55","1,171.00","1,174.60","1,211.21","1,798.90","676.05","5,49,969","66,61,30,198.75","27,528"
"23-Jan-2025","EQ","1,201.15","1,269.90","1,201.15","1,234.05","1,229.10","1,223.55","1,242.84","1,798.90","676.05","13,60,796","1,69,12,52,995.20","59,182"
"22-Jan-2025","EQ","1,317.05","1,317.95","1,161.15","1,311.35","1,226.80","1,234.05","1,212.39","1,798.90","676.05","46,01,491","5,57,88,14,831.65","2,71,662"
"21-Jan-2025","EQ","1,570.00","1,570.00","1,294.00","1,564.75","1,305.00","1,311.35","1,367.33","1,798.90","676.05","31,14,164","4,25,81,03,416.70","1,70,364"
"20-Jan-2025","EQ","1,594.00","1,696.70","1,553.00","1,586.10","1,574.00","1,564.75","1,611.92","1,798.90","676.05","12,95,593","2,08,83,88,093.55","84,238"
"17-Jan-2025","EQ","1,628.00","1,628.15","1,566.65","1,628.70","1,594.70","1,586.10","1,586.62","1,798.90","676.05","3,43,604","54,51,67,899.10","27,686"
"16-Jan-2025","EQ","1,710.00","1,715.90","1,619.95","1,755.90","1,626.00","1,628.70","1,664.20","1,798.90","676.05","5,57,245","92,73,66,258.40","37,386"
"15-Jan-2025","EQ","1,596.95","1,798.90","1,581.05","1,575.35","1,715.90","1,755.90","1,719.16","1,798.90","676.05","14,97,621","2,57,46,45,504.20","97,421"
"14-Jan-2025","EQ","1,555.00","1,588.00","1,534.15","1,579.10","1,582.90","1,575.35","1,570.65","1,755.00","676.05","1,80,447","28,34,19,073.55","20,490"
"13-Jan-2025","EQ","1,614.90","1,617.15","1,554.05","1,626.60","1,574.00","1,579.10","1,572.94","1,755.00","676.05","5,33,999","83,99,49,779.15","35,674"
"10-Jan-2025","EQ","1,637.50","1,638.00","1,566.25","1,606.25","1,625.00","1,626.60","1,601.65","1,755.00","676.05","3,40,805","54,58,50,066.00","29,400"
"09-Jan-2025","EQ","1,640.00","1,667.40","1,596.10","1,642.65","1,609.00","1,606.25","1,619.31","1,755.00","676.05","2,51,330","40,69,80,619.70","23,729"
"08-Jan-2025","EQ","1,668.00","1,676.90","1,626.60","1,680.70","1,646.50","1,642.65","1,646.73","1,755.00","676.05","2,29,565","37,80,31,617.60","23,296"
"07-Jan-2025","EQ","1,645.00","1,689.00","1,644.00","1,644.00","1,680.00","1,680.70","1,667.58","1,755.00","676.05","1,38,656","23,12,20,497.55","14,442"
"06-Jan-2025","EQ","1,700.00","1,701.15","1,620.00","1,690.15","1,649.55","1,644.00","1,651.42","1,755.00","676.05","3,28,610","54,26,74,749.00","36,884"
"03-Jan-2025","EQ","1,708.00","1,711.95","1,685.50","1,718.80","1,688.05","1,690.15","1,697.02","1,755.00","676.05","1,74,558","29,62,27,577.45","15,358"
"02-Jan-2025","EQ","1,708.00","1,750.00","1,684.80","1,699.70","1,705.00","1,718.80","1,712.91","1,755.00","676.05","3,00,849","51,53,28,543.20","26,172"
"01-Jan-2025","EQ","1,725.00","1,754.00","1,682.00","1,701.80","1,706.05","1,699.70","1,713.98","1,755.00","676.05","6,80,001","1,16,55,04,935.25","52,444"
"31-Dec-2024","EQ","1,710.00","1,755.00","1,640.10","1,705.85","1,700.00","1,701.80","1,699.52","1,755.00","676.05","8,99,090","1,52,80,19,411.70","53,240"
"30-Dec-2024","EQ","1,617.00","1,730.00","1,590.25","1,621.65","1,725.00","1,705.85","1,679.52","1,730.00","676.05","10,93,904","1,83,72,34,604.50","64,684"
"27-Dec-2024","EQ","1,690.00","1,704.75","1,612.00","1,686.20","1,617.00","1,621.65","1,645.34","1,725.00","676.05","5,32,071","87,54,39,274.25","37,257"
"26-Dec-2024","EQ","1,610.00","1,725.00","1,592.00","1,602.65","1,687.45","1,686.20","1,675.58","1,725.00","676.05","15,85,989","2,65,74,52,732.50","91,447"
"24-Dec-2024","EQ","1,595.00","1,621.90","1,570.55","1,585.35","1,600.00","1,602.65","1,597.12","1,645.00","676.05","3,23,133","51,60,82,216.60","29,825"
"23-Dec-2024","EQ","1,589.00","1,612.50","1,571.10","1,574.05","1,595.00","1,585.35","1,590.92","1,645.00","676.05","4,80,037","76,36,98,180.35","34,948"
"20-Dec-2024","EQ","1,534.90","1,629.00","1,525.65","1,522.25","1,574.00","1,574.05","1,591.62","1,645.00","676.05","14,72,241","2,34,32,49,329.05","79,071"
"19-Dec-2024","EQ","1,466.00","1,528.90","1,465.00","1,498.45","1,525.00","1,522.25","1,504.88","1,645.00","676.05","4,97,461","74,86,18,095.55","38,125"
"18-Dec-2024","EQ","1,500.00","1,514.95","1,470.75","1,498.40","1,491.50","1,498.45","1,498.99","1,645.00","676.05","2,57,353","38,57,70,079.65","18,800"
"17-Dec-2024","EQ","1,434.60","1,508.95","1,432.45","1,428.90","1,499.00","1,498.40","1,482.54","1,645.00","676.05","6,99,594","1,03,71,78,531.00","46,919"
"16-Dec-2024","EQ","1,400.00","1,434.95","1,390.55","1,390.35","1,426.20","1,428.90","1,418.99","1,645.00","676.05","1,63,753","23,23,64,523.00","16,912"
"13-Dec-2024","EQ","1,399.05","1,402.45","1,370.50","1,404.45","1,389.40","1,390.35","1,385.99","1,645.00","676.05","1,69,799","23,53,38,926.40","15,690"
"12-Dec-2024","EQ","1,426.00","1,441.05","1,392.00","1,420.75","1,403.00","1,404.45","1,409.46","1,645.00","676.05","1,34,652","18,97,86,566.65","10,925"
"11-Dec-2024","EQ","1,425.00","1,435.00","1,393.95","1,417.55","1,421.35","1,420.75","1,415.14","1,645.00","676.05","2,24,325","31,74,51,351.55","15,347"
"10-Dec-2024","EQ","1,435.00","1,474.00","1,390.35","1,429.15","1,423.00","1,417.55","1,422.67","1,645.00","676.05","5,76,664","82,04,05,221.35","39,130"
"09-Dec-2024","EQ","1,360.75","1,443.30","1,356.00","1,352.90","1,421.00","1,429.15","1,398.56","1,645.00","676.05","6,43,043","89,93,31,231.20","44,426"
"06-Dec-2024","EQ","1,316.00","1,364.00","1,316.00","1,309.45","1,350.00","1,352.90","1,346.67","1,645.00","676.05","5,33,618","71,86,05,766.75","36,714"
"05-Dec-2024","EQ","1,310.00","1,334.20","1,295.75","1,301.50","1,310.00","1,309.45","1,313.34","1,645.00","676.05","3,74,517","49,18,69,331.90","29,787"
"04-Dec-2024","EQ","1,217.00","1,320.00","1,215.05","1,211.50","1,306.00","1,301.50","1,294.61","1,645.00","676.05","16,33,782","2,11,51,02,631.35","80,559"
"03-Dec-2024","EQ","1,174.90","1,235.90","1,165.00","1,176.60","1,217.00","1,211.50","1,198.73","1,645.00","676.05","2,42,624","29,08,39,765.60","18,790"
"02-Dec-2024","EQ","1,175.05","1,182.45","1,150.55","1,180.50","1,175.00","1,176.60","1,165.96","1,645.00","676.05","1,73,538","20,23,38,980.15","20,448"
"29-Nov-2024","EQ","1,153.00","1,187.05","1,150.00","1,130.05","1,185.00","1,180.50","1,169.42","1,645.00","676.05","4,23,226","49,49,30,812.25","32,797"
"28-Nov-2024","EQ","1,153.70","1,153.70","1,108.20","1,142.60","1,134.00","1,130.05","1,125.42","1,645.00","676.05","2,91,757","32,83,49,423.70","26,362"
"27-Nov-2024","EQ","1,149.80","1,174.55","1,133.10","1,142.95","1,145.00","1,142.60","1,147.69","1,645.00","676.05","1,40,381","16,11,13,929.15","15,623"
"26-Nov-2024","EQ","1,120.00","1,158.00","1,120.00","1,119.80","1,139.85","1,142.95","1,143.65","1,645.00","676.05","3,01,317","34,46,01,633.20","22,632"
"25-Nov-2024","EQ","1,081.00","1,128.30","1,073.00","1,081.70","1,120.00","1,119.80","1,104.62","1,645.00","676.05","4,19,404","46,32,79,950.80","35,589"
"22-Nov-2024","EQ","1,099.85","1,109.55","1,078.00","1,101.80","1,080.00","1,081.70","1,088.34","1,645.00","676.05","1,92,737","20,97,62,606.90","15,901"
"21-Nov-2024","EQ","1,109.40","1,113.10","1,078.40","1,109.85","1,098.00","1,101.80","1,098.42","1,645.00","676.05","2,40,636","26,43,20,102.90","19,303"
"19-Nov-2024","EQ","1,058.00","1,148.45","1,048.50","1,044.35","1,098.85","1,109.85","1,102.95","1,645.00","676.05","10,71,311","1,18,15,97,297.45","64,424"
"18-Nov-2024","EQ","1,215.00","1,225.15","1,031.00","1,235.10","1,055.00","1,044.35","1,095.90","1,645.00","676.05","11,51,178","1,26,15,79,354.60","84,030"
"14-Nov-2024","EQ","1,200.05","1,248.45","1,185.65","1,199.20","1,231.00","1,235.10","1,222.25","1,645.00","676.05","1,67,512","20,47,42,343.70","14,340"
"13-Nov-2024","EQ","1,251.00","1,262.60","1,196.00","1,269.30","1,212.00","1,199.20","1,217.10","1,645.00","676.05","1,53,041","18,62,65,944.05","16,701"
"12-Nov-2024","EQ","1,276.00","1,320.00","1,260.00","1,280.15","1,263.55","1,269.30","1,294.42","1,645.00","676.05","2,43,258","31,48,78,899.55","14,429"
"11-Nov-2024","EQ","1,250.00","1,291.45","1,240.00","1,263.50","1,280.00","1,280.15","1,275.96","1,645.00","676.05","1,12,913","14,40,71,962.25","13,998"
"08-Nov-2024","EQ","1,290.60","1,292.80","1,251.30","1,290.60","1,253.35","1,263.50","1,270.70","1,645.00","676.05","82,365","10,46,61,097.30","7,512"
"07-Nov-2024","EQ","1,320.00","1,327.25","1,282.45","1,313.40","1,286.90","1,290.60","1,300.65","1,645.00","676.05","2,08,741","27,14,98,436.60","18,215"
"06-Nov-2024","EQ","1,287.10","1,319.70","1,272.25","1,279.85","1,314.95","1,313.40","1,299.41","1,645.00","676.05","2,86,762","37,26,21,982.45","22,687"
"05-Nov-2024","EQ","1,280.00","1,294.30","1,271.05","1,285.15","1,279.50","1,279.85","1,279.22","1,645.00","676.05","61,440","7,85,95,400.15","7,658"
"04-Nov-2024","EQ","1,297.00","1,310.95","1,270.15","1,291.45","1,285.00","1,285.15","1,293.88","1,645.00","676.05","2,27,092","29,38,30,680.05","20,274"
"01-Nov-2024","EQ","1,283.80","1,302.60","1,283.75","1,283.75","1,288.80","1,291.45","1,294.05","1,645.00","676.05","42,895","5,55,08,180.50","4,108"
"31-Oct-2024","EQ","1,230.95","1,290.00","1,214.70","1,232.85","1,285.00","1,283.75","1,265.55","1,645.00","676.05","2,45,524","31,07,23,546.40","17,955"
"30-Oct-2024","EQ","1,204.50","1,252.00","1,203.85","1,203.85","1,226.00","1,232.85","1,231.93","1,645.00","676.05","1,32,753","16,35,42,997.10","12,601"
"29-Oct-2024","EQ","1,231.00","1,237.95","1,188.65","1,230.50","1,208.10","1,203.85","1,205.98","1,645.00","676.05","1,21,283","14,62,64,395.00","15,722"
"28-Oct-2024","EQ","1,225.00","1,238.70","1,202.65","1,225.95","1,228.00","1,230.50","1,223.78","1,645.00","676.05","1,18,450","14,49,56,514.65","14,245"
"25-Oct-2024","EQ","1,246.00","1,284.00","1,215.45","1,268.30","1,238.45","1,225.95","1,242.21","1,645.00","676.05","1,96,591","24,42,08,204.85","26,678"
"24-Oct-2024","EQ","1,240.05","1,284.80","1,240.05","1,234.00","1,265.00","1,268.30","1,266.28","1,645.00","676.05","2,63,037","33,30,79,789.30","28,854"
"23-Oct-2024","EQ","1,187.00","1,270.00","1,180.10","1,188.10","1,232.05","1,234.00","1,242.09","1,645.00","676.05","3,75,862","46,68,56,225.05","42,874"
"22-Oct-2024","EQ","1,251.25","1,262.75","1,175.05","1,263.85","1,193.85","1,188.10","1,203.35","1,645.00","676.05","3,99,259","48,04,48,112.50","38,526"
"21-Oct-2024","EQ","1,267.85","1,291.95","1,249.05","1,257.65","1,267.00","1,263.85","1,272.50","1,645.00","676.05","2,29,754","29,23,61,787.55","18,721"
"18-Oct-2024","EQ","1,240.00","1,269.85","1,213.50","1,244.40","1,261.90","1,257.65","1,248.99","1,645.00","676.05","2,42,517","30,29,01,406.85","19,753"
"17-Oct-2024","EQ","1,277.65","1,291.35","1,237.25","1,269.55","1,239.00","1,244.40","1,255.18","1,645.00","676.05","2,86,146","35,91,64,150.00","17,084"
"16-Oct-2024","EQ","1,320.00","1,344.00","1,260.95","1,296.00","1,266.95","1,269.55","1,299.28","1,645.00","676.05","11,25,596","1,46,24,66,925.50","52,043"
"15-Oct-2024","EQ","1,359.90","1,397.70","1,243.00","1,350.85","1,294.50","1,296.00","1,312.02","1,645.00","676.05","25,30,465","3,32,00,10,043.50","1,08,136"
"14-Oct-2024","EQ","1,383.00","1,409.50","1,341.70","1,373.30","1,348.70","1,350.85","1,368.69","1,645.00","676.05","5,05,918","69,24,46,635.15","29,125"
"11-Oct-2024","EQ","1,318.90","1,401.95","1,315.05","1,314.05","1,370.00","1,373.30","1,363.16","1,645.00","676.05","5,35,295","72,96,91,408.60","32,273"
"10-Oct-2024","EQ","1,281.15","1,336.95","1,281.15","1,269.50","1,311.90","1,314.05","1,313.82","1,645.00","676.05","3,01,956","39,67,15,219.60","25,411"
"09-Oct-2024","EQ","1,257.00","1,314.90","1,244.05","1,249.30","1,277.00","1,269.50","1,275.82","1,645.00","676.05","2,95,215","37,66,41,773.95","27,163"
"08-Oct-2024","EQ","1,245.00","1,300.00","1,232.10","1,256.40","1,249.00","1,249.30","1,260.88","1,645.00","676.05","3,87,958","48,91,69,760.55","44,814"
"07-Oct-2024","EQ","1,298.00","1,368.00","1,248.00","1,294.30","1,260.00","1,256.40","1,312.46","1,645.00","676.05","5,34,628","70,16,76,749.15","48,096"
"04-Oct-2024","EQ","1,319.95","1,324.60","1,270.05","1,308.60","1,294.55","1,294.30","1,298.71","1,645.00","676.05","1,77,008","22,98,81,820.15","19,434"
"03-Oct-2024","EQ","1,295.00","1,353.40","1,267.40","1,318.70","1,311.95","1,308.60","1,296.30","1,645.00","676.05","2,16,803","28,10,42,245.95","23,356"
"01-Oct-2024","EQ","1,349.90","1,366.60","1,307.05","1,341.35","1,319.00","1,318.70","1,323.27","1,645.00","676.05","2,58,851","34,25,29,423.10","25,269"
"30-Sep-2024","EQ","1,427.20","1,440.95","1,335.00","1,414.75","1,347.50","1,341.35","1,367.41","1,645.00","676.05","3,43,340","46,94,87,060.50","26,046"
"27-Sep-2024","EQ","1,358.30","1,450.00","1,350.05","1,332.00","1,428.65","1,414.75","1,394.45","1,645.00","676.05","11,12,107","1,55,07,77,595.05","59,917"
"26-Sep-2024","EQ","1,302.15","1,548.00","1,302.15","1,304.25","1,334.80","1,332.00","1,427.93","1,645.00","676.05","38,74,237","5,53,21,53,640.40","1,70,066"
"25-Sep-2024","EQ","1,316.40","1,316.40","1,276.05","1,316.95","1,302.15","1,304.25","1,296.47","1,645.00","676.05","1,06,162","13,76,35,682.80","15,333"
"24-Sep-2024","EQ","1,328.95","1,340.00","1,295.45","1,330.45","1,310.05","1,316.95","1,319.78","1,645.00","676.05","3,41,557","45,07,81,623.35","15,359"
"23-Sep-2024","EQ","1,325.00","1,352.00","1,313.45","1,323.05","1,325.75","1,330.45","1,337.00","1,645.00","676.05","2,15,072","28,75,50,862.70","25,910"
"20-Sep-2024","EQ","1,288.95","1,350.05","1,267.10","1,277.35","1,318.55","1,323.05","1,318.52","1,645.00","676.05","4,75,155","62,64,99,624.65","44,431"
"19-Sep-2024","EQ","1,200.00","1,288.35","1,190.05","1,209.85","1,277.00","1,277.35","1,249.83","1,645.00","676.05","6,97,433","87,16,74,212.00","63,869"
"18-Sep-2024","EQ","1,232.80","1,233.25","1,190.15","1,227.85","1,211.00","1,209.85","1,208.13","1,645.00","676.05","1,86,319","22,50,97,741.75","20,244"
"17-Sep-2024","EQ","1,182.40","1,250.00","1,160.00","1,170.65","1,227.85","1,227.85","1,215.78","1,645.00","676.05","4,56,932","55,55,29,793.90","44,581"
"16-Sep-2024","EQ","1,225.00","1,232.00","1,157.05","1,191.50","1,175.00","1,170.65","1,177.59","1,645.00","676.05","3,71,798","43,78,24,687.85","31,614"
"13-Sep-2024","EQ","1,090.70","1,220.95","1,090.00","1,090.70","1,194.00","1,191.50","1,179.69","1,645.00","676.05","8,62,988","1,01,80,58,319.60","63,991"
"12-Sep-2024","EQ","1,060.30","1,104.00","1,060.30","1,060.25","1,090.50","1,090.70","1,088.50","1,645.00","676.05","1,02,094","11,11,29,341.10","11,678"
"11-Sep-2024","EQ","1,072.90","1,091.80","1,050.00","1,070.40","1,060.00","1,060.25","1,067.91","1,645.00","676.05","1,01,052","10,79,14,043.90","8,292"
"10-Sep-2024","EQ","1,083.00","1,088.90","1,060.00","1,080.60","1,074.10","1,070.40","1,072.04","1,645.00","676.05","61,747","6,61,95,498.20","7,133"
"09-Sep-2024","EQ","1,096.05","1,107.45","1,070.10","1,096.05","1,076.00","1,080.60","1,083.03","1,645.00","676.05","5,80,855","62,90,82,143.60","13,827"
"06-Sep-2024","EQ","1,080.00","1,109.00","1,076.10","1,082.60","1,085.00","1,096.05","1,091.38","1,645.00","676.05","2,98,364","32,56,27,839.70","19,029"
"05-Sep-2024","EQ","1,062.75","1,096.35","1,051.05","1,053.70","1,084.90","1,082.60","1,073.15","1,645.00","676.05","3,45,698","37,09,85,681.30","14,130"
"04-Sep-2024","EQ","1,055.20","1,084.75","1,035.25","1,079.90","1,058.00","1,053.70","1,064.12","1,645.00","676.05","1,01,487","10,79,94,533.00","10,468"
"03-Sep-2024","EQ","1,085.00","1,100.00","1,075.00","1,080.00","1,080.00","1,079.90","1,087.58","1,645.00","676.05","1,08,198","11,76,74,275.80","9,238"
"02-Sep-2024","EQ","1,121.90","1,121.90","1,065.05","1,114.50","1,083.90","1,080.00","1,085.35","1,645.00","676.05","1,71,837","18,65,03,620.55","19,537"
"30-Aug-2024","EQ","1,072.95","1,134.90","1,047.50","1,064.40","1,110.00","1,114.50","1,097.50","1,645.00","676.05","2,59,554","28,48,59,825.10","19,830"
"29-Aug-2024","EQ","1,068.95","1,076.40","1,053.05","1,063.60","1,066.35","1,064.40","1,064.61","1,645.00","676.05","64,124","6,82,67,212.30","10,589"
"28-Aug-2024","EQ","1,041.45","1,076.00","1,034.60","1,033.15","1,061.50","1,063.60","1,059.23","1,645.00","676.05","1,09,973","11,64,86,667.70","13,394"
"27-Aug-2024","EQ","1,047.80","1,060.95","1,013.10","1,047.75","1,030.60","1,033.15","1,030.47","1,645.00","676.05","1,54,849","15,95,67,255.95","17,303"
"26-Aug-2024","EQ","1,074.20","1,090.15","1,042.05","1,074.20","1,059.00","1,047.75","1,059.29","1,645.00","676.05","1,15,332","12,21,70,360.25","11,528"
"23-Aug-2024","EQ","1,076.00","1,079.40","1,060.00","1,075.10","1,077.90","1,074.20","1,068.82","1,645.00","676.05","1,28,084","13,68,99,363.25","10,552"
"22-Aug-2024","EQ","1,093.95","1,119.95","1,071.30","1,086.50","1,075.00","1,075.10","1,088.24","1,645.00","676.05","78,522","8,54,50,612.85","8,354"
"21-Aug-2024","EQ","1,116.00","1,118.15","1,057.95","1,113.40","1,093.00","1,086.50","1,086.08","1,645.00","676.05","1,47,080","15,97,40,566.35","10,563"
"20-Aug-2024","EQ","1,083.80","1,130.00","1,080.25","1,072.40","1,109.00","1,113.40","1,108.13","1,645.00","676.05","2,73,488","30,30,58,923.15","22,058"
"19-Aug-2024","EQ","1,093.65","1,093.95","1,057.55","1,085.85","1,075.00","1,072.40","1,073.91","1,645.00","676.05","99,107","10,64,32,072.60","10,716"
"16-Aug-2024","EQ","1,026.60","1,098.00","1,026.60","1,026.60","1,089.00","1,085.85","1,073.66","1,645.00","676.05","3,69,790","39,70,28,348.25","26,451"
"14-Aug-2024","EQ","1,040.00","1,041.30","1,015.55","1,036.60","1,023.00","1,026.60","1,028.54","1,645.00","676.05","1,07,184","11,02,42,686.35","11,863"
"13-Aug-2024","EQ","1,046.80","1,067.20","1,025.30","1,046.75","1,035.00","1,036.60","1,048.09","1,645.00","676.05","1,29,111","13,53,19,727.10","15,569"